3375000
8489664
50653
9393931
729
2299968
7762392
1442897
85184
1953125
13997521
8489664
4574296
3112136
8120601
4410944
6434856
1157625
175616
3796416
474552
857375
2515456
571787
658503
12167000
21952
10360232
941192
16387064
4096000
0
32768
8489664
857375
12649337
3176523
729
1000000
8489664
8
274625
132651
3723875
8615125
12167000
6859
2985984
27000
1728
157464
8000
16003008
11697083
3652264
438976
4019679
3511808
3176523
2460375
13312053
4096
2744
8
912673
166375
1
13824000
2146689
373248
262144
592704
3375
15069223
2097152
12167
4096
27000
8
1259712
343
884736
3511808
2146689
4913
1061208
1520875
884736
474552
13824
74088
1
15438249
262144
216
2097152
3796416
1
262144
1
1906624
0
16003008
729
5832000
10793861
16387064
6859000
16387064
262144
27
2985984
2299968
512
1
3723875
11390625
3375
13824000
4741632
15252992
1000000
16003008
195112
6859000
35937
2048383
5832
7880599
2571353
13997521
262144
15252992
8
2863288
4913
1000000
64
8000000
343
2299968
125
314432
9261
1953125
2744000
2097152
29791
4741632
287496
14706125
13997521
3723875
15252992
10941048
1906624
1685159
2000376
250047
7529536
64
8
1
262144
2515456
438976
46656
175616
1
438976
1728
10648000
778688
7077888
300763
11089567
3723875
2985984
6229504
729
8998912
6859
704969
5545233
42875
1906624
3581577
16387064
531441
29791
74088
4019679
3375000
512000
314432
14526784
125
4096000
8
274625
0
4492125
2515456
804357
0
300763
6967871
1
4410944
13824
103823
8489664
3723875
12167000
2924207
13824000
1331
11390625
7414875
2299968
13651919
7762392
1481544
912673
91125
1
438976
12167000
4657463
1560896
6859
3112136
1
8242408
16387064
1295029
148877
35937
2097152
8489664
4574296
357911
1860867
14348907
10941048
15438249
16581375
16194277
512
238328
2515456
54872
2000376
1
2146689
531441
1061208
7880599
4096
39304
9261000
262144
32768
148877
29791
16387064
3241792
29791
438976
29791
4657463
12167
7529536
13144256
7529536
4096
6859
2628072
8000
10941048
1124864
4410944
7189057
3581577
4330747
2248091
274625
1331
2352637
15252992
2352637
195112
15625000
5177717
16194277
857375
238328
5735339
6967871
753571
13144256
6967871
2515456
12167
1259712
2924207
8000000
9261
11697083
1728
7645373
1815848
8
6539203
11390625
27
32768
42875
103823
3048625
1728000
343
27000
54872
35937
15813251
35937
1953125
3511808
16387064
8998912
4019679
1191016
571787
4741632
74088
3442951
3241792
6859
46656
830584
1728
11390625
274625
8
512
27000
3652264
456533
12167000
8741816
238328
0
884736
27
1601613
1953125
7301384
16387064
12008989
4019679
1560896
11089567
6539203
1685159
10941048
250047
13651919
884736
4492125
10218313
110592
13824
2803221
10648
8998912
4330747
1520875
3652264
2146689
681472
29791
15252992
39304
14172488
12167
16003008
15252992
2744
10077696
456533
9528128
7414875
7077888
64
35937
238328
373248
17576
13144256
884736
2744000
125
13481272
15813251
14526784
46656
15625
