-0.0018,-0.0024,4.488900185,-0.061000001,-0.061000001,0,30.37709999
-0.0042,-0.0084,4.700799942,0,-0.061000001,-0.061000001,30.3946991
-0.0036,-0.0108,4.804399967,-0.061000001,-0.061000001,0,30.38879967
-0.0036,-0.0108,4.804399967,-0.061000001,-0.061000001,0,30.38879967
-0.0036,-0.0108,4.804399967,-0.061000001,-0.061000001,0,30.38879967
-0.0036,-0.0108,4.804399967,-0.061000001,-0.061000001,0,30.38879967
-0.003,-0.0102,4.861299992,-0.061000001,-0.061000001,0,30.38290024
-0.003,-0.0102,4.861299992,-0.061000001,-0.061000001,0,30.38290024
-0.003,-0.0102,4.861299992,-0.061000001,-0.061000001,0,30.38290024
0,-0.0042,4.892399788,-0.061000001,-0.061000001,0,30.37120056
0,-0.0042,4.892399788,-0.061000001,-0.061000001,0,30.37120056
0,-0.0042,4.892399788,-0.061000001,-0.061000001,0,30.37120056
0,-0.006,4.904399872,-0.061000001,-0.061000001,0,30.37709999
0,-0.006,4.904399872,-0.061000001,-0.061000001,0,30.37709999
0,-0.006,4.904399872,-0.061000001,-0.061000001,0,30.37709999
-0.0006,-0.0072,4.893599987,-0.061000001,-0.061000001,0,30.36529922
-0.0006,-0.0072,4.893599987,-0.061000001,-0.061000001,0,30.36529922
-0.0006,-0.0072,4.893599987,-0.061000001,-0.061000001,0,30.36529922
0.0012,-0.0066,4.892399788,0,-0.061000001,0,30.36529922
0.0012,-0.0066,4.892399788,0,-0.061000001,0,30.36529922
0.0012,-0.0066,4.892399788,0,-0.061000001,0,30.36529922
0.0036,-0.003,4.907400131,-0.061000001,-0.061000001,-0.061000001,30.37120056
0.0036,-0.003,4.907400131,-0.061000001,-0.061000001,-0.061000001,30.37120056
0.0036,-0.003,4.907400131,-0.061000001,-0.061000001,-0.061000001,30.37120056
0.0048,-0.0018,4.914000034,-0.061000001,-0.061000001,0,30.3593998
0.0048,-0.0018,4.914000034,-0.061000001,-0.061000001,0,30.3593998
0.0048,-0.0018,4.914000034,-0.061000001,-0.061000001,0,30.3593998
0.0042,-0.0066,4.902599812,0,-0.061000001,-0.061000001,30.34760094
0.0042,-0.0066,4.902599812,0,-0.061000001,-0.061000001,30.34760094
0.0042,-0.0066,4.902599812,0,-0.061000001,-0.061000001,30.34760094
0.0042,-0.0066,4.902599812,0,-0.061000001,-0.061000001,30.34760094
0.0036,-0.0084,4.893599987,0,-0.061000001,0,30.35350037
0.0036,-0.0084,4.893599987,0,-0.061000001,0,30.35350037
-0.0036,-0.0054,4.901400089,-0.061000001,-0.061000001,-0.061000001,30.3